O 7 0 2 4 12
R 16 0 1 1 12
R 17 0 1 1 12
W 0 1 9 5 12
G 6 2 0 0 2
G 7 2 0 0 3
R 18 2 1 1 12
W 4 3 9 5 12
G 6 3 0 0 2
G 7 3 0 0 6
G 8 3 0 0 1
G 7 4 0 0 7
G 8 4 0 0 3
G 9 4 0 0 3
G 10 4 0 0 1
M 4 5 0 0 0
G 7 5 0 0 12
G 8 5 0 0 8
G 9 5 0 0 7
Z 14 5 2 3 12
W 1 6 9 5 12
M 3 6 0 0 1
M 4 6 0 0 1
G 5 6 0 0 0
G 6 6 0 0 2
G 7 6 0 0 4
Z 11 6 2 3 12
M 0 7 0 0 0
M 1 7 0 0 1
M 2 7 0 0 5
M 3 7 0 0 3
M 4 7 0 0 2
M 5 7 0 0 3
M 6 7 0 0 2
G 7 7 0 0 3
M 0 8 0 0 2
M 1 8 0 0 3
M 2 8 0 0 6
M 3 8 0 0 2
M 4 8 0 0 3
M 5 8 0 0 4
M 6 8 0 0 2
G 7 8 0 0 2
Z 14 8 2 3 12
M 0 9 0 0 9
M 1 9 0 0 6
M 2 9 0 0 7
M 3 9 0 0 5
M 4 9 0 0 4
M 5 9 0 0 5
M 6 9 0 0 3
G 7 9 0 0 1
L 10 9 2 1 12
M 0 10 0 0 10
M 1 10 0 0 10
M 2 10 0 0 9
M 3 10 0 0 7
M 4 10 0 0 7
M 5 10 0 0 7
M 6 10 0 0 4
M 7 10 0 0 1
M 8 10 0 0 0
M 0 11 0 0 11
M 1 11 0 0 12
M 2 11 0 0 11
M 3 11 0 0 10
M 4 11 0 0 9
M 5 11 0 0 8
M 6 11 0 0 5
M 7 11 0 0 4
M 8 11 0 0 3
M 9 11 0 0 1
L 12 11 2 1 12
M 0 12 0 0 10
M 1 12 0 0 10
M 2 12 0 0 10
M 3 12 0 0 9
M 4 12 0 0 7
M 5 12 0 0 7
M 6 12 0 0 6
M 7 12 0 0 4
M 8 12 0 0 3
M 9 12 0 0 2
M 0 13 0 0 9
M 1 13 0 0 8
M 2 13 0 0 5
M 3 13 0 0 6
M 4 13 0 0 6
M 5 13 0 0 3
M 6 13 0 0 4
M 7 13 0 0 0
M 9 13 0 0 0
M 0 14 0 0 4
M 1 14 0 0 2
M 2 14 0 0 2
M 3 14 0 0 5
M 4 14 0 0 4
M 5 14 0 0 2
M 6 14 0 0 3
L 7 14 2 1 12
M 0 15 0 0 2
M 1 15 0 0 0
M 3 15 0 0 2
M 4 15 0 0 3
M 5 15 0 0 1
M 6 15 0 0 2
M 0 16 0 0 1
M 3 16 0 0 0
M 4 16 0 0 2
M 5 16 0 0 0
M 6 16 0 0 0
L 10 16 2 1 12
T 17 16 0 0 0
T 18 16 0 0 4
T 19 16 0 0 2
M 0 17 0 0 0
M 4 17 0 0 1
T 15 17 0 0 0
T 16 17 0 0 0
T 17 17 0 0 3
T 18 17 0 0 6
T 19 17 0 0 1
M 4 18 0 0 0
T 15 18 0 0 1
T 16 18 0 0 2
T 17 18 0 0 7
T 18 18 0 0 8
T 19 18 0 0 2
T 16 19 0 0 6
T 17 19 0 0 9
T 18 19 0 0 12
T 19 19 0 0 1
